1940
826
1203
1297
636
2002
1024
18
1052
1951
2186
1206
958
531
15
1949
1051
83
1348
2134
586
395
68
537
1354
194
1345
1224
1382
568
1246
1585
195
1677
253
200
1807
1706
1847
1104
1276
1743
913
843
405
80
1595
293
1091
1211
968
554
1702
675
1705
1674
456
1241
731
1491
2244
48
2207
2037
312
1522
1868
578
2207
1529
1744
2083
358
550
2243
2285
548
2008
917
44
1362
227
2212
860
2081
1574
783
470
1441
1896
422
188
1004
1569
755
1080
2300
2029
816
1668
601
1019
2092
1371
652
2176
496
2311
1561
225
1552
1587
60
951
665
1392
1313
595
402
186
1117
1712
1370
405
1668
1022
89
2023
2311
537
962
342
2021
248
1642
2038
896
943
1491
1309
1787
986
708
1358
1084
797
695
2127
845
1001
1916
1777
518
2073
1122
1329
150
1805
920
193
269
1433
526
1465
1004
722
493
1182
263
1629
453
1058
666
2125
276
1892
138
1545
19
1124
800
1663
1816
1547
1428
1651
726
296
713
1319
1139
1835
1014
379
79
1302
885
1995
1001
952
2298
541
1202
1113
1644
507
73
875
1031
76
2254
1824
185
1538
1590
983
337
572
598
926
910
1664
1064
506
1135
686
383
1956
443
1194
1530
1389
840
1951
894
325
1742
2130
2100
1815
2256
1839
1218
1108
190
2147
893
1508
2134
1722
1991
213
926
1167
