P2-03-H1,10,8,13,24
E2-93-P1,17,22,18,36
S2-53-O1,11,38,13,42
X2-03-D1,16,19,17,29
F2-43-Y1,11,44,11,49
U2-13-U1,15,31,17,34
U2-23-P1,8,13,11,28
M2-63-L1,10,2,12,14
R2-53-W1,16,36,16,39
S2-13-P1,15,20,16,40
X2-03-L1,15,24,18,50
T2-93-K1,12,35,14,45
G2-93-L1,17,12,17,22
K2-63-J1,16,44,17,50
P2-93-G1,10,13,11,33
N2-53-R1,15,27,15,45
E2-63-L1,17,45,20,52
U2-23-U1,10,17,11,30
I2-43-A1,8,10,8,26
W2-93-C1,9,32,9,38
X2-83-V1,14,45,17,50
J2-03-U1,10,32,13,43
C2-53-L1,17,8,18,25
M2-03-V1,13,23,16,41
J2-43-M1,9,24,10,35
M2-13-J1,17,44,18,54
R2-43-G1,14,6,14,22
S2-53-O1,17,1,19,21
B2-63-I1,12,4,15,15
P2-33-S1,9,16,10,35
M2-43-S1,14,35,16,38
Q2-53-V1,15,0,18,15
R2-23-C1,16,31,18,38
A2-03-Z1,17,22,19,34
X2-83-B1,17,24,18,37
Z2-03-F1,16,21,19,35
H2-03-K1,9,8,11,21
B2-33-O1,13,17,14,34
U2-43-H1,9,7,9,22
H2-63-R1,10,45,11,56
O2-93-N1,17,3,17,14
L2-83-Z1,17,12,20,29
I2-43-P1,15,16,18,27
H2-73-X1,14,23,15,39
T2-03-J1,9,15,9,31
Z2-13-S1,9,19,10,37
Z2-73-S1,10,44,11,51
O2-83-B1,11,26,11,42
E2-53-M1,15,22,17,42
G2-83-K1,15,31,16,35
K2-33-J1,16,28,17,38
S2-63-E1,10,12,12,22
Q2-53-F1,11,2,13,20
O2-23-B1,12,0,15,13
F2-03-A1,11,16,11,26
O2-73-T1,10,30,13,36
W2-43-K1,12,45,14,53
D2-33-U1,8,23,8,38
N2-43-L1,17,21,20,34
R2-73-P1,16,12,19,28
K2-13-N1,12,21,14,34
B2-23-Q1,14,40,14,43
O2-83-H1,15,5,16,23
L2-33-O1,11,32,13,44
T2-83-P1,17,25,17,43
Q2-13-W1,8,7,8,18
X2-33-J1,16,8,17,24
Z2-43-X1,11,4,12,24
R2-83-P1,14,27,17,38
L2-43-Z1,10,2,12,14
Q2-83-P1,12,5,12,16
D2-93-M1,11,38,13,43
S2-23-G1,12,12,12,29
B2-83-L1,16,3,17,13
I2-33-K1,13,15,15,33
V2-13-U1,15,4,16,14
K2-83-U1,13,36,15,46
N2-43-J1,16,20,19,37
E2-63-G1,8,35,10,45
L2-63-J1,12,45,13,52
W2-23-A1,9,39,9,45
F2-33-X1,14,39,16,51
D2-33-R1,12,2,14,20
X2-33-H1,14,28,16,38
S2-23-G1,8,37,8,40
J2-43-X1,15,33,15,45
S2-53-R1,8,4,9,16
N2-73-J1,9,11,12,31
U2-93-G1,17,29,18,40
A2-83-U1,13,1,14,17
P2-33-E1,17,16,17,29
A2-03-B1,15,25,17,44
U2-33-T1,14,44,16,54
T2-43-S1,11,38,12,46
D2-43-V1,8,5,10,17
A2-83-B1,14,22,16,38
P2-83-Q1,15,26,18,39
I2-23-N1,11,20,12,35
M2-83-C1,17,2,17,12
X2-33-I1,11,43,13,51
B2-43-H1,14,1,17,21
H2-73-O1,13,19,14,38
P2-33-V1,13,25,14,38
L2-33-J1,12,29,12,44
T2-73-F1,11,1,11,12
K2-43-W1,14,44,15,54
S2-53-O1,15,15,15,25
B2-03-I1,13,24,15,42
S2-73-L1,17,32,20,40
O2-23-X1,13,43,16,49
X2-13-B1,13,23,13,42
P2-33-G1,15,44,15,52
G2-13-N1,9,44,12,47
N2-63-Y1,14,12,14,31
U2-63-G1,9,40,11,47
H2-83-O1,15,35,17,44
G2-13-Y1,11,42,13,49
W2-73-B1,12,4,12,21
P2-53-L1,10,3,11,22
Y2-93-Q1,10,31,10,40
U2-53-A1,11,41,12,46
O2-33-W1,16,27,16,40
C2-93-O1,16,25,17,41
Y2-43-A1,14,36,14,40
Q2-33-S1,13,17,14,36
N2-53-H1,14,33,14,42
G2-23-F1,14,33,16,42
T2-63-P1,14,31,15,39
Y2-03-J1,13,6,16,20
P2-53-L1,13,8,15,23
T2-33-U1,17,24,20,38
Y2-13-Q1,9,15,9,30
J2-03-V1,14,32,17,38
Q2-03-Q1,11,3,14,18
M2-23-X1,16,31,17,41
N2-83-X1,11,31,14,40
A2-13-H1,13,29,13,48
L2-23-L1,17,20,19,30
E2-53-C1,11,17,12,36
Q2-53-B1,13,26,14,39
C2-73-R1,13,19,15,39
D2-03-T1,8,16,8,26
D2-83-H1,11,0,12,20
G2-83-N1,16,32,19,42
R2-83-V1,9,2,10,17
L2-63-N1,10,26,13,36
Y2-33-H1,8,4,11,24
W2-43-T1,11,11,11,27
N2-93-A1,9,39,11,49
K2-73-A1,12,20,12,38
U2-93-F1,9,25,9,40
P2-43-I1,9,17,12,29
M2-83-T1,10,43,11,52
U2-73-U1,9,24,11,38
E2-73-U1,12,40,14,44
A2-33-E1,12,34,15,38
J2-43-Y1,16,17,18,27
K2-73-H1,12,39,12,51
F2-23-J1,13,16,13,30
R2-43-N1,13,1,13,11
Y2-83-K1,17,2,20,12
S2-33-F1,13,19,16,34
D2-83-R1,16,41,18,46
D2-83-E1,14,25,15,40
B2-33-P1,12,7,13,27
I2-93-U1,8,17,9,34
A2-03-F1,8,40,8,49
D2-83-R1,17,18,19,35
O2-73-A1,9,16,12,33
C2-03-L1,14,15,16,34
J2-63-F1,14,45,16,57
Y2-23-W1,11,2,14,18
G2-83-K1,14,34,16,45
P2-03-W1,15,28,18,42
M2-03-W1,12,11,15,21
Q2-03-U1,16,16,18,31
X2-93-O1,8,24,11,35
K2-13-X1,11,30,12,36
C2-63-D1,16,9,18,22
H2-63-T1,8,27,8,38
V2-93-I1,16,45,18,55
U2-93-W1,12,39,13,46
G2-03-Z1,12,11,15,23
H2-13-W1,15,25,18,44
U2-73-V1,10,35,11,46
J2-83-A1,17,29,20,40
E2-43-W1,17,33,19,43
L2-43-Y1,14,28,16,45
Q2-93-Z1,14,40,17,44
Y2-03-P1,15,26,16,44
F2-33-Q1,10,18,10,34
S2-43-R1,10,27,11,44
V2-23-J1,11,30,14,36
A2-83-R1,9,41,12,53
W2-63-P1,12,16,13,29
L2-63-X1,17,0,17,12
M2-83-X1,17,35,17,40
V2-53-E1,13,15,15,26
B2-23-O1,12,7,14,19
V2-53-B1,10,18,11,29
Z2-63-D1,13,4,16,21
Y2-83-O1,16,4,19,24
Z2-13-N1,11,35,13,46
N2-73-E1,16,35,17,44
P2-73-B1,15,1,18,13
E2-83-I1,17,28,19,42
D2-53-A1,8,40,9,47
B2-93-U1,16,28,19,39
E2-73-Z1,13,34,13,40
A2-83-C1,14,18,17,35
D2-83-J1,10,45,13,55
A2-33-D1,13,28,15,42
W2-13-X1,11,6,11,23
P2-13-V1,11,29,11,47
N2-83-L1,14,10,14,25
V2-23-Z1,12,5,14,18
A2-03-E1,12,29,12,47
F2-53-S1,12,11,13,27
E2-13-H1,10,31,13,36
W2-93-H1,10,1,11,17
Y2-53-J1,16,43,16,47
A2-13-J1,15,18,15,36
P2-93-L1,17,39,17,47
Y2-33-E1,14,1,17,17
L2-93-R1,17,43,17,47
M2-03-C1,10,27,13,45
H2-13-Y1,11,15,13,33
N2-83-S1,10,40,13,47
X2-43-A1,15,38,18,41
M2-53-O1,15,36,15,44
Y2-73-R1,12,5,13,20
N2-73-V1,16,45,18,50
I2-93-R1,16,42,18,48
W2-83-Q1,12,9,15,23
Q2-03-E1,17,4,18,22
F2-63-M1,8,40,8,52
A2-33-C1,16,7,18,21
V2-83-C1,8,37,11,44
E2-43-V1,14,3,15,18
E2-63-H1,9,36,9,48
Y2-43-M1,9,19,10,38
X2-43-H1,10,10,11,26
D2-83-J1,15,3,17,16
D2-63-M1,16,2,18,21
A2-73-B1,8,35,8,41
F2-03-X1,13,1,16,15
S2-53-N1,11,39,13,42
J2-43-W1,14,4,14,22
F2-93-N1,13,45,15,49
E2-43-P1,14,19,14,33
A2-83-W1,16,40,19,49
F2-63-D1,8,38,11,41
N2-13-A1,12,7,15,24
F2-93-Y1,10,36,11,41
G2-63-D1,11,19,14,29
V2-93-G1,12,26,14,42
K2-43-J1,16,42,19,45
D2-93-R1,11,5,11,21
W2-63-Y1,17,38,17,47
H2-83-Q1,9,1,10,19
D2-63-V1,16,38,17,49
C2-93-M1,11,11,14,22
S2-33-H1,16,38,17,42
X2-93-E1,9,39,9,49
F2-83-P1,14,39,15,50
V2-83-P1,17,17,17,30
T2-03-X1,12,39,14,51
W2-13-K1,12,23,14,39
V2-93-E1,16,12,17,25
H2-73-G1,12,34,13,43
K2-63-U1,13,28,15,40
T2-83-X1,10,20,10,35
U2-23-T1,11,23,12,43
A2-63-Z1,9,2,9,12
N2-03-J1,9,28,9,43
G2-53-Q1,8,41,11,52
D2-53-C1,16,3,17,18
L2-93-S1,15,3,16,20
Z2-43-T1,9,35,10,42
B2-73-R1,13,10,13,25
C2-43-Y1,11,11,12,24
F2-03-L1,17,41,18,45
M2-23-U1,13,31,13,36
Z2-43-Q1,8,18,9,33
S2-63-U1,17,38,18,47
P2-53-D1,11,45,14,56
B2-33-O1,10,26,12,37
Q2-13-D1,15,33,18,42
B2-03-G1,10,36,12,45
L2-13-C1,12,19,15,38
Y2-03-L1,12,13,15,32
W2-23-Z1,16,11,19,25
F2-83-N1,11,38,11,46
R2-73-K1,9,21,10,31
M2-63-L1,15,16,17,32
W2-23-Y1,14,36,15,40
R2-23-M1,11,20,14,37
U2-53-P1,10,8,13,19
S2-73-R1,13,2,14,12
I2-53-Z1,13,41,14,50
B2-23-A1,17,30,19,37
T2-83-Y1,14,24,16,43
W2-83-Q1,14,28,14,38
V2-03-V1,11,35,11,41
T2-23-F1,17,11,17,29
R2-13-U1,10,20,10,36
O2-23-N1,15,22,15,39
D2-13-Q1,11,15,13,32
R2-93-R1,9,39,10,46
C2-83-L1,16,13,16,26
H2-23-D1,17,40,19,46
L2-63-J1,17,35,19,42
D2-73-R1,8,8,8,20
X2-23-V1,15,17,17,34
Y2-83-L1,8,23,11,39
W2-03-V1,13,33,13,42
J2-13-Y1,13,8,16,23
M2-13-C1,8,22,9,36
M2-03-Y1,16,42,19,53
F2-93-A1,12,19,13,38
N2-83-N1,13,2,13,16
E2-73-C1,14,6,16,18
B2-03-I1,16,16,19,26
P2-23-Z1,14,26,16,41
H2-23-U1,16,36,19,47
Y2-53-V1,17,22,19,33
X2-43-P1,13,5,15,22
R2-43-G1,16,22,19,38
A2-73-A1,13,39,15,43
O2-93-L1,8,39,8,46
O2-63-S1,9,26,10,42
Z2-63-C1,10,16,11,26
M2-53-H1,14,30,15,36
W2-13-S1,9,17,9,32
G2-13-L1,13,4,14,24
D2-33-M1,10,30,11,40
W2-93-I1,15,0,18,17
F2-83-M1,15,25,15,40
P2-53-A1,10,16,12,26
P2-03-W1,16,9,18,23
V2-53-R1,15,9,18,24
J2-43-P1,16,36,16,40
J2-13-S1,17,31,18,43
P2-53-I1,11,42,14,53
Z2-33-G1,10,2,12,20
O2-43-X1,9,4,9,15
P2-83-D1,12,31,14,42
I2-13-H1,16,1,16,17
K2-33-S1,12,22,14,38
U2-43-B1,15,32,15,44
M2-73-Z1,8,22,10,41
D2-73-A1,15,28,18,45
H2-83-Q1,12,28,12,45
C2-23-U1,8,14,10,28
Q2-43-S1,12,19,14,39
Z2-13-X1,15,11,18,30
B2-23-D1,15,35,17,41
C2-23-X1,10,12,10,26
C2-93-H1,12,40,15,51
N2-03-U1,16,10,17,20
O2-03-N1,13,31,13,37
W2-03-Y1,16,40,18,44
B2-93-O1,11,40,13,51
S2-33-U1,12,17,12,28
H2-63-K1,16,27,17,40
I2-33-G1,12,12,14,26
S2-43-B1,10,31,12,37
T2-33-F1,13,13,13,29
J2-23-S1,10,19,11,35
J2-43-A1,8,22,9,33
X2-53-V1,15,27,15,45
S2-33-L1,15,24,17,37
E2-43-T1,9,25,9,41
Z2-83-N1,15,7,16,18
Z2-33-E1,11,8,12,23
I2-83-G1,10,24,12,37
F2-43-Q1,13,23,14,38
X2-13-O1,14,43,15,48
D2-03-Z1,8,25,9,40
H2-33-V1,8,18,9,38
R2-93-X1,8,21,8,36
X2-23-D1,11,9,12,21
U2-43-P1,10,39,12,45
Y2-33-F1,15,40,18,49
E2-33-P1,12,1,15,21
Z2-03-I1,9,44,9,53
W2-53-G1,15,41,18,46
F2-23-C1,9,0,12,11
O2-63-U1,13,7,15,25
S2-73-M1,12,28,13,41
K2-03-F1,8,35,10,43
U2-53-C1,17,17,17,35
F2-13-H1,13,23,14,34
F2-33-U1,9,42,11,54
G2-63-P1,17,4,17,22
J2-23-P1,12,17,12,36
A2-23-U1,13,13,13,31
M2-43-J1,14,29,16,46
D2-23-Y1,12,0,14,13
K2-93-Q1,10,9,11,26
X2-03-D1,10,1,12,19
J2-73-Y1,17,22,18,39
S2-83-L1,8,23,10,34
Y2-53-F1,16,42,16,53
T2-23-G1,13,8,16,28
M2-63-G1,13,6,15,19
V2-93-K1,12,32,15,40
Z2-33-K1,16,33,17,43
X2-23-N1,12,22,15,35
L2-83-F1,16,12,19,29
Q2-93-W1,10,32,11,40
H2-23-N1,9,45,12,56
Z2-53-D1,10,40,13,43
D2-43-F1,9,43,10,48
H2-93-G1,12,7,14,17
Z2-33-E1,17,43,17,51
V2-03-P1,12,14,15,26
Q2-23-U1,10,8,13,27
T2-83-I1,14,17,15,36
U2-73-Q1,17,5,20,25
R2-53-O1,9,41,12,53
W2-93-H1,13,20,13,37
R2-53-H1,13,13,15,29
Y2-03-Y1,13,18,13,34
D2-53-H1,13,38,13,43
I2-83-Q1,13,11,16,27
H2-03-O1,13,44,15,53
Z2-43-K1,8,41,8,48
F2-23-B1,12,45,12,48
W2-43-F1,14,16,15,26
M2-53-Z1,16,11,18,28
D2-93-W1,17,30,17,41
C2-53-D1,17,33,19,42
P2-73-W1,13,34,15,39
E2-83-F1,12,36,14,42
Y2-53-W1,17,16,20,28
O2-03-K1,14,2,16,18
L2-93-L1,11,16,12,31
R2-83-K1,16,4,16,21
Y2-83-U1,17,34,17,43
H2-23-T1,14,10,17,28
X2-93-Y1,17,7,18,26
I2-63-L1,11,10,13,24
K2-93-K1,9,21,12,34
F2-33-P1,16,10,19,24
K2-63-R1,13,24,13,38
R2-33-S1,9,18,9,38
J2-33-L1,17,23,20,37
W2-33-E1,17,42,18,45
D2-03-Q1,11,21,11,35
A2-03-I1,14,33,16,44
Z2-73-D1,10,8,12,19
C2-83-O1,17,27,19,47
A2-63-E1,8,30,11,33
D2-33-X1,16,15,18,29
D2-63-Y1,14,27,16,46
S2-33-L1,11,19,14,33
U2-53-O1,16,36,19,45
K2-63-T1,12,35,13,44
O2-33-Q1,11,5,14,15
H2-13-H1,17,20,19,37
Y2-13-Y1,8,38,11,47
A2-23-I1,13,6,14,26
X2-23-T1,10,25,13,39
W2-13-C1,13,23,14,34
R2-03-S1,17,40,18,48
H2-93-B1,13,33,15,44
R2-33-Q1,10,27,10,44
T2-63-I1,10,11,10,23
L2-53-U1,17,18,20,34
G2-23-J1,11,26,11,37
M2-93-N1,12,20,15,36
L2-13-L1,11,18,11,33
L2-83-Q1,14,10,16,28
Z2-63-L1,15,23,16,39
A2-43-F1,9,39,9,44